BST insertion
Sample size  Time
1000 0.0026754999999999973
2000 0.005500999999999978
3000 0.008471400000000018
4000 0.011493900000000001
5000 0.014422299999999999
6000 0.017796499999999993
7000 0.020335799999999904
8000 0.023184300000000047
9000 0.026494399999999918
10000 0.029541999999999957

AVL insertion
Sample size  Time
1000 0.010336899999999982
2000 0.022677699999999967
3000 0.03715099999999999
4000 0.04466380000000003
5000 0.05903769999999997
6000 0.0675593000000001
7000 0.08172879999999993
8000 0.09556510000000007
9000 0.10097000000000012
10000 0.12280979999999997

BST search
Sample size  Time
100 0.00025020000000020026
200 0.0005446000000000062
300 0.0008677999999999741
400 0.0012108000000001784
500 0.0015848000000000528
600 0.0019715999999998512
700 0.0023565000000000946
800 0.00273879999999993
900 0.003135600000000016
1000 0.0035637000000001695

AVL search
Sample size  Time
100 0.00018730000000011238
200 0.00038469999999990456
300 0.0005975999999998649
400 0.0008246000000000642
500 0.0010508999999998547
600 0.0012936999999999532
700 0.0015075999999998313
800 0.0017365000000000297
900 0.0019663999999999238
1000 0.0022100000000000453
