		Binary heap creation
Sample size				Time
10000			0.006652920000000012
20000			0.012506689999999997
30000			0.018004629999999987
40000			0.02336288000000002
50000			0.029154679999999943
60000			0.034663659999999964
70000			0.04030072000000007
80000			0.04643067000000025
90000			0.051402649999999904
100000			0.056813319999999924
		Ternary heap creation
Sample size				Time
10000			0.0055500700000000016
20000			0.01105634999999997
30000			0.016314640000000002
40000			0.021942970000000027
50000			0.02724774999999995
60000			0.032860300000000064
70000			0.03837034999999993
80000			0.04415765000000001
90000			0.04845328000000011
100000			0.054768049999999846
		Quaternary heap creation
Sample size				Time
10000			0.0049963799999999895
20000			0.010138169999999991
30000			0.015370649999999996
40000			0.02013697999999997
50000			0.025407980000000042
60000			0.030337250000000003
70000			0.036317460000000065
80000			0.04060380000000015
90000			0.045321560000000184
100000			0.050266829999999985
